                  5555                        
                 5555555                      
             5555555    55                    
            55  555    5555       55          
            55   55           55555           
            55  555 5555555   5 5 5555        
             5 5 555       555555  555        
             55   55        55 555555         
             555   55     55   5  55555       
            55  5  55  555    5    55555      
           55     555555    555555555         
          5555555555555   55                  
           55555555    555                    
                  55555 5                     
                          5                   
                           5                  
